%YAML:1.0
---

# yolo 模型路径设置
YoloModel:
  Path: "../model/0526.onnx"

# camera_config.yaml 路径设置
CameraConfig:
  Path: "../camera_config.yaml"

# rosbag 配置
# 1=原地旋转 2=静止
Rosbag:
  # Path: "../data/final-1/rosbag2_2026_06_27-15_54_16/rosbag2_2026_06_27-15_54_16_0.db3"
  Path: "../data/final-1/rosbag2_2026_06_27-15_57_58/rosbag2_2026_06_27-15_57_58_0.db3"
  # Path: "../data/final-1/rosbag2_2026_06_27-15_59_59/rosbag2_2026_06_27-15_59_59_0.db3"
  # Path: "../data/final-2/rosbag2_2026_06_27-16_00_45/rosbag2_2026_06_27-16_00_45_0.db3"
  # Path: "../data/final-2/rosbag2_2026_06_27-16_05_23/rosbag2_2026_06_27-16_05_23_0.db3"
  Topic: "/image_raw"
  